150
0 1
0 2
0 3
0 4
0 5
0 6
0 7
0 8
0 9
0 10
0 11
0 12
0 13
0 14
0 15
0 16
0 17
0 18
0 19
0 20
0 21
0 22
0 23
0 24
0 25
0 26
0 27
0 28
0 29
0 30
0 31
0 32
0 33
0 34
0 35
0 36
0 37
0 38
0 39
0 40
0 41
0 42
0 43
0 44
0 45
0 46
0 47
0 48
0 49
0 53
0 55
0 57
0 59
0 60
0 62
0 64
0 66
0 67
0 69
0 71
0 79
0 80
0 81
0 82
0 84
0 88
0 89
0 90
0 92
0 93
0 94
0 95
0 96
0 98
0 99
0 106
1 2
1 3
1 4
1 5
1 6
1 7
1 8
1 9
1 10
1 11
1 12
1 13
1 14
1 15
1 16
1 17
1 18
1 19
1 20
1 21
1 22
1 23
1 24
1 25
1 26
1 27
1 28
1 29
1 30
1 31
1 32
1 33
1 34
1 35
1 36
1 37
1 38
1 39
1 40
1 41
1 42
1 43
1 44
1 45
1 46
1 47
1 48
1 49
1 53
1 55
1 57
1 59
1 60
1 61
1 62
1 63
1 64
1 66
1 67
1 68
1 69
1 71
1 73
1 78
1 79
1 80
1 81
1 82
1 83
1 84
1 87
1 88
1 89
1 90
1 91
1 92
1 93
1 94
1 95
1 96
1 97
1 98
1 99
1 101
1 106
1 113
1 119
1 121
1 142
2 3
2 4
2 5
2 6
2 7
2 8
2 9
2 10
2 11
2 12
2 13
2 14
2 15
2 16
2 17
2 18
2 19
2 20
2 21
2 22
2 23
2 24
2 25
2 26
2 27
2 28
2 29
2 30
2 31
2 32
2 33
2 34
2 35
2 36
2 37
2 38
2 39
2 40
2 41
2 42
2 43
2 44
2 45
2 46
2 47
2 48
2 49
2 53
2 55
2 57
2 59
2 60
2 61
2 62
2 63
2 64
2 66
2 67
2 68
2 69
2 70
2 71
2 72
2 73
2 74
2 78
2 79
2 80
2 81
2 82
2 83
2 84
2 85
2 87
2 88
2 89
2 90
2 91
2 92
2 93
2 94
2 95
2 96
2 97
2 98
2 99
2 101
2 106
2 113
2 114
2 119
2 121
2 126
2 138
2 142
2 149
3 4
3 5
3 6
3 7
3 8
3 9
3 10
3 11
3 12
3 13
3 14
3 15
3 16
3 17
3 18
3 19
3 20
3 21
3 22
3 23
3 24
3 25
3 26
3 27
3 28
3 29
3 30
3 31
3 32
3 33
3 34
3 35
3 36
3 37
3 38
3 39
3 40
3 41
3 42
3 43
3 44
3 45
3 46
3 47
3 48
3 49
3 53
3 55
3 57
3 59
3 60
3 61
3 62
3 63
3 64
3 66
3 67
3 68
3 69
3 70
3 71
3 72
3 73
3 74
3 78
3 79
3 80
3 81
3 82
3 83
3 84
3 85
3 87
3 88
3 89
3 90
3 91
3 92
3 93
3 94
3 95
3 96
3 97
3 98
3 99
3 101
3 106
3 113
3 114
3 119
3 121
3 126
3 127
3 138
3 142
3 146
3 149
4 5
4 6
4 7
4 8
4 9
4 10
4 11
4 12
4 13
4 14
4 15
4 16
4 17
4 18
4 19
4 20
4 21
4 22
4 23
4 24
4 25
4 26
4 27
4 28
4 29
4 30
4 31
4 32
4 33
4 34
4 35
4 36
4 37
4 38
4 39
4 40
4 41
4 42
4 43
4 44
4 45
4 46
4 47
4 48
4 49
4 53
4 55
4 57
4 59
4 60
4 61
4 62
4 64
4 66
4 67
4 68
4 69
4 71
4 79
4 80
4 81
4 82
4 84
4 88
4 89
4 90
4 92
4 93
4 94
4 95
4 96
4 98
4 99
4 106
5 6
5 7
5 8
5 9
5 10
5 11
5 12
5 13
5 14
5 16
5 17
5 18
5 19
5 20
5 21
5 22
5 23
5 24
5 25
5 26
5 27
5 28
5 29
5 30
5 31
5 32
5 33
5 34
5 35
5 36
5 37
5 38
5 39
5 40
5 41
5 42
5 43
5 44
5 45
5 46
5 47
5 48
5 49
5 53
5 57
5 59
5 60
5 69
5 79
5 80
5 81
5 89
5 93
5 98
5 106
6 7
6 8
6 9
6 10
6 11
6 12
6 13
6 14
6 15
6 16
6 17
6 18
6 19
6 20
6 21
6 22
6 23
6 24
6 25
6 26
6 27
6 28
6 29
6 30
6 31
6 32
6 33
6 34
6 35
6 36
6 37
6 38
6 39
6 40
6 41
6 42
6 43
6 44
6 45
6 46
6 47
6 48
6 49
6 53
6 55
6 57
6 59
6 60
6 61
6 62
6 63
6 64
6 66
6 67
6 68
6 69
6 70
6 71
6 72
6 73
6 74
6 78
6 79
6 80
6 81
6 82
6 83
6 84
6 87
6 88
6 89
6 90
6 91
6 92
6 93
6 94
6 95
6 96
6 97
6 98
6 99
6 101
6 106
6 113
6 114
6 119
6 121
6 138
6 142
7 8
7 9
7 10
7 11
7 12
7 13
7 14
7 15
7 16
7 17
7 18
7 19
7 20
7 21
7 22
7 23
7 24
7 25
7 26
7 27
7 28
7 29
7 30
7 31
7 32
7 33
7 34
7 35
7 36
7 37
7 38
7 39
7 40
7 41
7 42
7 43
7 44
7 45
7 46
7 47
7 48
7 49
7 53
7 55
7 57
7 59
7 60
7 61
7 62
7 64
7 66
7 67
7 68
7 69
7 71
7 79
7 80
7 81
7 82
7 84
7 88
7 89
7 90
7 92
7 93
7 94
7 95
7 96
7 98
7 99
7 106
7 113
7 121
8 9
8 10
8 11
8 12
8 13
8 14
8 15
8 16
8 17
8 18
8 19
8 20
8 21
8 22
8 23
8 24
8 25
8 26
8 27
8 28
8 29
8 30
8 31
8 32
8 33
8 34
8 35
8 36
8 37
8 38
8 39
8 40
8 41
8 42
8 43
8 44
8 45
8 46
8 47
8 48
8 49
8 51
8 53
8 54
8 55
8 56
8 57
8 58
8 59
8 60
8 61
8 62
8 63
8 64
8 65
8 66
8 67
8 68
8 69
8 70
8 71
8 72
8 73
8 74
8 75
8 78
8 79
8 80
8 81
8 82
8 83
8 84
8 85
8 87
8 88
8 89
8 90
8 91
8 92
8 93
8 94
8 95
8 96
8 97
8 98
8 99
8 101
8 106
8 113
8 114
8 119
8 121
8 123
8 126
8 127
8 133
8 134
8 138
8 142
8 146
8 149
9 10
9 11
9 12
9 13
9 14
9 15
9 16
9 17
9 18
9 19
9 20
9 21
9 22
9 23
9 24
9 25
9 26
9 27
9 28
9 29
9 30
9 31
9 32
9 33
9 34
9 35
9 36
9 37
9 38
9 39
9 40
9 41
9 42
9 43
9 44
9 45
9 46
9 47
9 48
9 49
9 53
9 55
9 57
9 59
9 60
9 61
9 62
9 64
9 66
9 67
9 68
9 69
9 71
9 73
9 78
9 79
9 80
9 81
9 82
9 84
9 87
9 88
9 89
9 90
9 92
9 93
9 94
9 95
9 96
9 97
9 98
9 99
9 101
9 106
9 113
9 119
9 121
9 142
10 11
10 12
10 13
10 14
10 16
10 17
10 18
10 19
10 20
10 21
10 22
10 23
10 24
10 25
10 26
10 27
10 28
10 29
10 30
10 31
10 32
10 33
10 34
10 35
10 36
10 37
10 38
10 39
10 40
10 41
10 42
10 43
10 44
10 45
10 46
10 47
10 48
10 49
10 53
10 57
10 59
10 60
10 62
10 64
10 69
10 79
10 80
10 81
10 89
10 90
10 93
10 94
10 98
10 106
11 12
11 13
11 14
11 15
11 16
11 17
11 18
11 19
11 20
11 21
11 22
11 23
11 24
11 25
11 26
11 27
11 28
11 29
11 30
11 31
11 32
11 33
11 34
11 35
11 36
11 37
11 38
11 39
11 40
11 41
11 42
11 43
11 44
11 45
11 46
11 47
11 48
11 49
11 53
11 55
11 57
11 59
11 60
11 61
11 62
11 64
11 66
11 67
11 68
11 69
11 71
11 78
11 79
11 80
11 81
11 82
11 84
11 87
11 88
11 89
11 90
11 92
11 93
11 94
11 95
11 96
11 98
11 99
11 106
11 113
11 119
11 121
12 13
12 14
12 15
12 16
12 17
12 18
12 19
12 20
12 21
12 22
12 23
12 24
12 25
12 26
12 27
12 28
12 29
12 30
12 31
12 32
12 33
12 34
12 35
12 36
12 37
12 38
12 39
12 40
12 41
12 42
12 43
12 44
12 45
12 46
12 47
12 48
12 49
12 53
12 55
12 57
12 59
12 60
12 61
12 62
12 63
12 64
12 66
12 67
12 68
12 69
12 70
12 71
12 72
12 73
12 74
12 78
12 79
12 80
12 81
12 82
12 83
12 84
12 85
12 87
12 88
12 89
12 90
12 91
12 92
12 93
12 94
12 95
12 96
12 97
12 98
12 99
12 101
12 106
12 113
12 114
12 119
12 121
12 126
12 138
12 142
12 149
13 14
13 15
13 16
13 17
13 18
13 19
13 20
13 21
13 22
13 23
13 24
13 25
13 26
13 27
13 28
13 29
13 30
13 31
13 32
13 33
13 34
13 35
13 36
13 37
13 38
13 39
13 40
13 41
13 42
13 43
13 44
13 45
13 46
13 47
13 48
13 49
13 51
13 53
13 54
13 55
13 56
13 57
13 58
13 59
13 60
13 61
13 62
13 63
13 64
13 65
13 66
13 67
13 68
13 69
13 70
13 71
13 72
13 73
13 74
13 75
13 76
13 78
13 79
13 80
13 81
13 82
13 83
13 84
13 85
13 86
13 87
13 88
13 89
13 90
13 91
13 92
13 93
13 94
13 95
13 96
13 97
13 98
13 99
13 101
13 103
13 106
13 111
13 113
13 114
13 119
13 121
13 123
13 126
13 127
13 133
13 134
13 138
13 142
13 146
13 147
13 149
14 16
14 17
14 19
14 20
14 21
14 22
14 23
14 24
14 25
14 26
14 27
14 28
14 29
14 30
14 31
14 32
14 34
14 35
14 36
14 37
14 38
14 39
14 40
14 41
14 42
14 43
14 44
14 45
14 46
14 47
14 48
14 49
14 53
14 57
14 59
14 60
14 80
14 81
14 93
14 98
14 106
15 17
15 19
15 20
15 21
15 22
15 23
15 24
15 25
15 26
15 27
15 28
15 29
15 30
15 31
15 34
15 35
15 36
15 37
15 38
15 39
15 40
15 41
15 42
15 43
15 44
15 45
15 46
15 47
15 48
15 49
15 57
15 60
15 93
15 98
16 17
16 18
16 19
16 20
16 21
16 22
16 23
16 24
16 25
16 26
16 27
16 28
16 29
16 30
16 31
16 32
16 33
16 34
16 35
16 36
16 37
16 38
16 39
16 40
16 41
16 42
16 43
16 44
16 45
16 46
16 47
16 48
16 49
16 53
16 57
16 59
16 60
16 64
16 69
16 79
16 80
16 81
16 89
16 90
16 93
16 98
16 106
17 18
17 19
17 20
17 21
17 22
17 23
17 24
17 25
17 26
17 27
17 28
17 29
17 30
17 31
17 32
17 33
17 34
17 35
17 36
17 37
17 38
17 39
17 40
17 41
17 42
17 43
17 44
17 45
17 46
17 47
17 48
17 49
17 53
17 55
17 57
17 59
17 60
17 62
17 64
17 66
17 67
17 69
17 71
17 79
17 80
17 81
17 82
17 84
17 88
17 89
17 90
17 92
17 93
17 94
17 95
17 96
17 98
17 99
17 106
18 19
18 20
18 21
18 22
18 23
18 24
18 25
18 26
18 27
18 28
18 29
18 30
18 31
18 32
18 34
18 35
18 36
18 37
18 38
18 39
18 40
18 41
18 42
18 43
18 44
18 45
18 46
18 47
18 48
18 49
18 57
18 59
18 60
18 80
18 81
18 93
18 98
18 106
19 20
19 21
19 22
19 23
19 24
19 25
19 26
19 27
19 28
19 29
19 30
19 31
19 32
19 33
19 34
19 35
19 36
19 37
19 38
19 39
19 40
19 41
19 42
19 43
19 44
19 45
19 46
19 47
19 48
19 49
19 53
19 57
19 59
19 60
19 62
19 64
19 67
19 69
19 79
19 80
19 81
19 82
19 84
19 88
19 89
19 90
19 92
19 93
19 94
19 96
19 98
19 99
19 106
20 21
20 22
20 23
20 24
20 25
20 26
20 27
20 28
20 29
20 30
20 31
20 32
20 33
20 34
20 35
20 36
20 37
20 38
20 39
20 40
20 41
20 42
20 43
20 44
20 45
20 46
20 47
20 48
20 49
20 53
20 57
20 59
20 60
20 62
20 64
20 69
20 79
20 80
20 81
20 82
20 89
20 90
20 92
20 93
20 94
20 98
20 106
21 22
21 23
21 24
21 25
21 26
21 27
21 28
21 29
21 30
21 31
21 32
21 33
21 34
21 35
21 36
21 37
21 38
21 39
21 40
21 41
21 42
21 43
21 44
21 45
21 46
21 47
21 48
21 49
21 53
21 57
21 59
21 60
21 62
21 64
21 67
21 69
21 79
21 80
21 81
21 82
21 84
21 88
21 89
21 90
21 92
21 93
21 94
21 95
21 96
21 98
21 99
21 106
22 23
22 24
22 25
22 26
22 27
22 28
22 29
22 30
22 31
22 32
22 33
22 34
22 35
22 36
22 37
22 38
22 39
22 40
22 41
22 42
22 43
22 44
22 45
22 46
22 47
22 48
22 49
22 53
22 55
22 57
22 59
22 60
22 61
22 62
22 63
22 64
22 66
22 67
22 68
22 69
22 70
22 71
22 72
22 73
22 74
22 78
22 79
22 80
22 81
22 82
22 83
22 84
22 85
22 87
22 88
22 89
22 90
22 91
22 92
22 93
22 94
22 95
22 96
22 97
22 98
22 99
22 101
22 106
22 113
22 114
22 119
22 121
22 126
22 127
22 138
22 142
22 146
22 149
23 24
23 25
23 26
23 27
23 28
23 29
23 30
23 31
23 32
23 33
23 34
23 35
23 36
23 37
23 38
23 39
23 40
23 41
23 42
23 43
23 44
23 45
23 46
23 47
23 48
23 49
23 53
23 55
23 57
23 59
23 60
23 62
23 64
23 66
23 67
23 69
23 79
23 80
23 81
23 82
23 84
23 88
23 89
23 90
23 92
23 93
23 94
23 95
23 96
23 98
23 99
23 106
24 25
24 26
24 27
24 28
24 29
24 30
24 31
24 32
24 33
24 34
24 35
24 36
24 37
24 38
24 39
24 40
24 41
24 42
24 43
24 44
24 45
24 46
24 47
24 48
24 49
24 53
24 55
24 57
24 59
24 60
24 61
24 62
24 64
24 66
24 67
24 68
24 69
24 71
24 79
24 80
24 81
24 82
24 84
24 88
24 89
24 90
24 92
24 93
24 94
24 95
24 96
24 98
24 99
24 106
25 26
25 27
25 28
25 29
25 30
25 31
25 32
25 33
25 34
25 35
25 36
25 37
25 38
25 39
25 40
25 41
25 42
25 43
25 44
25 45
25 46
25 47
25 48
25 49
25 53
25 55
25 57
25 59
25 60
25 61
25 62
25 64
25 66
25 67
25 68
25 69
25 71
25 78
25 79
25 80
25 81
25 82
25 84
25 87
25 88
25 89
25 90
25 92
25 93
25 94
25 95
25 96
25 98
25 99
25 106
25 113
25 119
25 121
26 27
26 28
26 29
26 30
26 31
26 32
26 33
26 34
26 35
26 36
26 37
26 38
26 39
26 40
26 41
26 42
26 43
26 44
26 45
26 46
26 47
26 48
26 49
26 53
26 55
26 57
26 59
26 60
26 62
26 64
26 66
26 67
26 69
26 71
26 79
26 80
26 81
26 82
26 84
26 88
26 89
26 90
26 92
26 93
26 94
26 95
26 96
26 98
26 99
26 106
27 28
27 29
27 30
27 31
27 32
27 33
27 34
27 35
27 36
27 37
27 38
27 39
27 40
27 41
27 42
27 43
27 44
27 45
27 46
27 47
27 48
27 49
27 53
27 55
27 57
27 59
27 60
27 62
27 64
27 67
27 69
27 79
27 80
27 81
27 82
27 84
27 88
27 89
27 90
27 92
27 93
27 94
27 95
27 96
27 98
27 99
27 106
28 29
28 30
28 31
28 32
28 33
28 34
28 35
28 36
28 37
28 38
28 39
28 40
28 41
28 42
28 43
28 44
28 45
28 46
28 47
28 48
28 49
28 53
28 55
28 57
28 59
28 60
28 62
28 64
28 66
28 67
28 69
28 79
28 80
28 81
28 82
28 84
28 88
28 89
28 90
28 92
28 93
28 94
28 95
28 96
28 98
28 99
28 106
29 30
29 31
29 32
29 33
29 34
29 35
29 36
29 37
29 38
29 39
29 40
29 41
29 42
29 43
29 44
29 45
29 46
29 47
29 48
29 49
29 53
29 55
29 57
29 59
29 60
29 61
29 62
29 63
29 64
29 66
29 67
29 68
29 69
29 71
29 73
29 78
29 79
29 80
29 81
29 82
29 84
29 87
29 88
29 89
29 90
29 91
29 92
29 93
29 94
29 95
29 96
29 97
29 98
29 99
29 101
29 106
29 113
29 119
29 121
29 142
30 31
30 32
30 33
30 34
30 35
30 36
30 37
30 38
30 39
30 40
30 41
30 42
30 43
30 44
30 45
30 46
30 47
30 48
30 49
30 53
30 55
30 57
30 59
30 60
30 61
30 62
30 64
30 66
30 67
30 68
30 69
30 71
30 73
30 78
30 79
30 80
30 81
30 82
30 84
30 87
30 88
30 89
30 90
30 92
30 93
30 94
30 95
30 96
30 97
30 98
30 99
30 101
30 106
30 113
30 119
30 121
30 142
31 32
31 33
31 34
31 35
31 36
31 37
31 38
31 39
31 40
31 41
31 42
31 43
31 44
31 45
31 46
31 47
31 48
31 49
31 53
31 57
31 59
31 60
31 62
31 64
31 67
31 69
31 79
31 80
31 81
31 82
31 88
31 89
31 90
31 92
31 93
31 94
31 98
31 99
31 106
32 33
32 34
32 35
32 36
32 37
32 38
32 39
32 40
32 41
32 42
32 43
32 44
32 45
32 46
32 47
32 48
32 49
32 53
32 57
32 59
32 60
32 62
32 64
32 69
32 79
32 80
32 81
32 89
32 90
32 93
32 98
32 106
33 34
33 35
33 36
33 37
33 38
33 39
33 40
33 41
33 42
33 43
33 44
33 45
33 46
33 47
33 48
33 49
33 53
33 57
33 59
33 60
33 80
33 81
33 93
33 98
33 106
34 35
34 36
34 37
34 38
34 39
34 40
34 41
34 42
34 43
34 44
34 45
34 46
34 47
34 48
34 49
34 53
34 55
34 57
34 59
34 60
34 61
34 62
34 64
34 66
34 67
34 68
34 69
34 71
34 73
34 78
34 79
34 80
34 81
34 82
34 84
34 87
34 88
34 89
34 90
34 92
34 93
34 94
34 95
34 96
34 97
34 98
34 99
34 101
34 106
34 113
34 119
34 121
34 142
35 36
35 37
35 38
35 39
35 40
35 41
35 42
35 43
35 44
35 45
35 46
35 47
35 48
35 49
35 53
35 55
35 57
35 59
35 60
35 61
35 62
35 64
35 66
35 67
35 68
35 69
35 71
35 73
35 78
35 79
35 80
35 81
35 82
35 84
35 87
35 88
35 89
35 90
35 92
35 93
35 94
35 95
35 96
35 97
35 98
35 99
35 101
35 106
35 113
35 119
35 121
35 142
36 37
36 38
36 39
36 40
36 41
36 42
36 43
36 44
36 45
36 46
36 47
36 48
36 49
36 53
36 57
36 59
36 60
36 62
36 64
36 67
36 69
36 79
36 80
36 81
36 82
36 88
36 89
36 90
36 92
36 93
36 94
36 98
36 99
36 106
37 38
37 39
37 40
37 41
37 42
37 43
37 44
37 45
37 46
37 47
37 48
37 49
37 53
37 55
37 57
37 59
37 60
37 61
37 62
37 64
37 66
37 67
37 68
37 69
37 71
37 79
37 80
37 81
37 82
37 84
37 87
37 88
37 89
37 90
37 92
37 93
37 94
37 95
37 96
37 98
37 99
37 106
37 113
37 119
37 121
38 39
38 40
38 41
38 42
38 43
38 44
38 45
38 46
38 47
38 48
38 49
38 51
38 53
38 54
38 55
38 56
38 57
38 58
38 59
38 60
38 61
38 62
38 63
38 64
38 65
38 66
38 67
38 68
38 69
38 70
38 71
38 72
38 73
38 74
38 75
38 78
38 79
38 80
38 81
38 82
38 83
38 84
38 85
38 87
38 88
38 89
38 90
38 91
38 92
38 93
38 94
38 95
38 96
38 97
38 98
38 99
38 101
38 106
38 113
38 114
38 119
38 121
38 123
38 126
38 127
38 133
38 134
38 138
38 142
38 146
38 149
39 40
39 41
39 42
39 43
39 44
39 45
39 46
39 47
39 48
39 49
39 53
39 55
39 57
39 59
39 60
39 62
39 64
39 66
39 67
39 69
39 71
39 79
39 80
39 81
39 82
39 84
39 88
39 89
39 90
39 92
39 93
39 94
39 95
39 96
39 98
39 99
39 106
40 41
40 42
40 43
40 44
40 45
40 46
40 47
40 48
40 49
40 53
40 55
40 57
40 59
40 60
40 61
40 62
40 64
40 66
40 67
40 68
40 69
40 71
40 79
40 80
40 81
40 82
40 84
40 87
40 88
40 89
40 90
40 92
40 93
40 94
40 95
40 96
40 98
40 99
40 106
40 113
40 119
40 121
41 42
41 43
41 44
41 45
41 46
41 47
41 48
41 49
41 51
41 53
41 54
41 55
41 56
41 57
41 58
41 59
41 60
41 61
41 62
41 63
41 64
41 65
41 66
41 67
41 68
41 69
41 70
41 71
41 72
41 73
41 74
41 75
41 76
41 78
41 79
41 80
41 81
41 82
41 83
41 84
41 85
41 86
41 87
41 88
41 89
41 90
41 91
41 92
41 93
41 94
41 95
41 96
41 97
41 98
41 99
41 101
41 103
41 106
41 111
41 113
41 114
41 119
41 121
41 123
41 126
41 127
41 133
41 134
41 138
41 142
41 146
41 147
41 149
42 43
42 44
42 45
42 46
42 47
42 48
42 49
42 51
42 53
42 54
42 55
42 56
42 57
42 58
42 59
42 60
42 61
42 62
42 63
42 64
42 66
42 67
42 68
42 69
42 70
42 71
42 72
42 73
42 74
42 75
42 78
42 79
42 80
42 81
42 82
42 83
42 84
42 85
42 87
42 88
42 89
42 90
42 91
42 92
42 93
42 94
42 95
42 96
42 97
42 98
42 99
42 101
42 106
42 113
42 114
42 119
42 121
42 123
42 126
42 127
42 133
42 134
42 138
42 142
42 146
42 149
43 44
43 45
43 46
43 47
43 48
43 49
43 53
43 55
43 57
43 59
43 60
43 62
43 64
43 66
43 67
43 69
43 79
43 80
43 81
43 82
43 84
43 88
43 89
43 90
43 92
43 93
43 94
43 95
43 96
43 98
43 99
43 106
44 45
44 46
44 47
44 48
44 49
44 53
44 57
44 59
44 60
44 62
44 64
44 69
44 79
44 80
44 81
44 89
44 90
44 93
44 94
44 98
44 106
45 46
45 47
45 48
45 49
45 53
45 55
45 57
45 59
45 60
45 61
45 62
45 63
45 64
45 66
45 67
45 68
45 69
45 70
45 71
45 72
45 73
45 74
45 78
45 79
45 80
45 81
45 82
45 83
45 84
45 85
45 87
45 88
45 89
45 90
45 91
45 92
45 93
45 94
45 95
45 96
45 97
45 98
45 99
45 101
45 106
45 113
45 114
45 119
45 121
45 138
45 142
46 47
46 48
46 49
46 53
46 57
46 59
46 60
46 62
46 64
46 67
46 69
46 79
46 80
46 81
46 82
46 84
46 88
46 89
46 90
46 92
46 93
46 94
46 98
46 99
46 106
47 48
47 49
47 53
47 55
47 57
47 59
47 60
47 61
47 62
47 63
47 64
47 66
47 67
47 68
47 69
47 70
47 71
47 72
47 73
47 74
47 78
47 79
47 80
47 81
47 82
47 83
47 84
47 85
47 87
47 88
47 89
47 90
47 91
47 92
47 93
47 94
47 95
47 96
47 97
47 98
47 99
47 101
47 106
47 113
47 114
47 119
47 121
47 126
47 127
47 138
47 142
47 146
47 149
48 49
48 53
48 57
48 59
48 60
48 62
48 64
48 69
48 79
48 80
48 81
48 82
48 89
48 90
48 92
48 93
48 94
48 98
48 99
48 106
49 53
49 55
49 57
49 59
49 60
49 61
49 62
49 64
49 66
49 67
49 68
49 69
49 71
49 79
49 80
49 81
49 82
49 84
49 87
49 88
49 89
49 90
49 92
49 93
49 94
49 95
49 96
49 98
49 99
49 106
49 113
49 119
49 121
53 57
53 60
53 93
53 98
57 59
57 60
57 64
57 69
57 79
57 80
57 81
57 89
57 93
57 98
57 106
59 60
59 93
59 98
60 64
60 69
60 79
60 80
60 81
60 89
60 93
60 98
60 106
64 93
64 98
69 93
69 98
79 93
79 98
80 93
80 98
81 93
81 98
89 93
89 98
93 98
93 106
98 106
